A 0
S 80
D 170
F 260
G 345
H 435
J 520
K 610
L 700

0,108,16,1

80,159,16,1
170,190,16,1
260,223,16,1
435,290,16,1
520,325,16,1
610,362,16,1

700,431,16,1
610,466,16,1
520,503,16,1
260,568,16,1
435,602,16,1
260,639,16,1
170,676,16,1


A 0
S 80
D 170
F 260
G 345
H 435
J 520
K 610
L 700



80,713,16,1
260,744,16,1
435,775,16,1
610,847,16,1
435,883,16,1
260,919,16,1

0,989,16,1
170,1025,16,1
345,1061,16,1
520,1131,16,1
700,1167,16,1
0,1203,16,1
80,1239,16,1


A 0
S 80
D 170
F 260
G 345
H 435
J 520
K 610
L 700
//Amerodi1
170,1273,16,1
260,1309,16,1
435,1345,16,1
520,1381,16,1
700,1417,16,1
610,1453,16,1
0,1489,16,1
80,1525,16,1

520,1561,16,1
435,1597,16,1
260,1633,16,1
170,1669,16,1
0,1705,16,1
170,1741,16,1
435,1777,16,1
170,1813,16,1



A 0
S 80
D 170
F 260
G 345
H 435
J 520
K 610
L 700
//Amerodi2
80,1849,16,1
170,1885,16,1
435,1921,16,1
610,1957,16,1
345,1993,16,1
520,2029,16,1
260,2065,16,1
520,2102,16,1

0,2137,16,1
80,2173,16,1
700,2209,16,1
610,2245,16,1
170,2281,16,1
260,2317,16,1
435,2353,16,1
520,2389,16,1


A 0
S 80
D 170
F 260
G 345
H 435
J 520
K 610
L 700
//Amerodi3
260,2425,16,1
345,2461,16,1
170,2497,16,1
345,2533,16,1
435,2569,16,1
345,2605,16,1
520,2641,16,1
345,2677,16,1

610,2713,16,1
700,2749,16,1
80,2785,16,1
0,2821,16,1
435,2857,16,1
520,2893,16,1
260,2929,16,1
170,2965,16,1


A 0
S 80
D 170
F 260
G 345
H 435
J 520
K 610
L 700
//Amerodi4
260,3001,16,1
435,3037,16,1
520,3073,16,1
610,3109,16,1
700,3145,16,1
0,3181,16,1
80,3217,16,1
170,3253,16,1

700,3289,16,1
0,3325,16,1
610,3361,16,1
80,3397,16,1
170,3433,16,1
520,3469,16,1
260,3505,16,1
435,3541,16,1


A 0
S 80
D 170
F 260
G 345
H 435
J 520
K 610
L 700
//sabi1
345,3577,16,1
345,3613,16,1
260,3649,16,1
435,3685,16,1
520,3721,16,1
170,3757,16,1
80,3793,16,1
610,3829,16,1

700,3865,16,1
0,3901,16,1
610,3937,16,1
520,3973,16,1
435,4009,16,1
345,4045,16,1
260,4081,16,1
170,4117,16,1


A 0
S 80
D 170
F 260
G 345
H 435
J 520
K 610
L 700
//sabi2
80,4153,16,1
80,4189,16,1
170,4225,16,1
80,4261,16,1
260,4297,16,1
80,4333,16,1
345,4369,16,1
80,4405,16,1

0,4441,16,1
610,4477,16,1
435,4513,16,1
260,4549,16,1
170,4585,16,1
520,4621,16,1
260,4657,16,1
435,4693,16,1


A 0
S 80
D 170
F 260
G 345
H 435
J 520
K 610
L 700
//sabi3
345,4729,16,1
345,4765,16,1
260,4801,16,1
435,4837,16,1
520,4873,16,1
170,4909,16,1
80,4945,16,1
610,4981,16,1

700,5017,16,1
0,5053,16,1
610,5089,16,1
520,5125,16,1
435,5161,16,1
345,5197,16,1
260,5233,16,1
170,5269,16,1


A 0
S 80
D 170
F 260
G 345
H 435
J 520
K 610
L 700
//sabi4
80,5305,16,1
80,5341,16,1
80,5377,16,1
80,5413,16,1
80,5449,16,1
80,5485,16,1
80,5521,16,1
80,5557,16,1

80,5593,16,1
80,5629,16,1
80,5665,16,1
80,5701,16,1
80,5737,16,1
80,5773,16,1
80,5809,16,1
80,5845,16,1
80,5881,16,1
80,5917,16,1





*********

0,108,16,1
80,159,16,1
170,190,16,2
260,223,16,1
435,290,16,1
520,325,16,1
610,362,16,1
700,431,16,2
610,466,16,1
520,503,16,1
260,568,16,1
435,602,16,1
260,639,16,2
170,676,16,1
80,713,16,1
260,744,16,2
435,775,16,1
610,847,16,2
435,883,16,1
260,919,16,1
0,989,16,1
170,1025,16,1
345,1061,16,2
520,1131,16,1
700,1167,16,2
0,1203,16,2
80,1239,16,1
170,1273,16,2
170,1309,16,1
260,1345,16,1
260,1381,16,2
345,1417,16,1
345,1453,16,2
260,1489,16,2
260,1525,16,1
610,1561,16,1
610,1597,16,2
520,1633,16,1
520,1669,16,2
435,1705,16,1
435,1741,16,1
345,1777,16,2
345,1813,16,1
0,1849,16,1
170,1885,16,2
80,1921,16,1
260,1957,16,1
700,1993,16,1
520,2029,16,1
610,2065,16,2
435,2102,16,1
0,2137,16,1
80,2173,16,2
700,2209,16,1
610,2245,16,1
170,2281,16,1
260,2317,16,2
435,2353,16,1
520,2389,16,2
260,2425,16,1
345,2461,16,2
170,2497,16,1
345,2533,16,2
435,2569,16,1
345,2605,16,2
520,2641,16,1
345,2677,16,2
610,2713,16,1
700,2749,16,1
80,2785,16,2
0,2821,16,1
435,2857,16,2
520,2893,16,2
260,2929,16,1
170,2965,16,1
260,3001,16,1
435,3037,16,1
520,3073,16,2
610,3109,16,1
700,3145,16,1
0,3181,16,2
80,3217,16,1
170,3253,16,1
700,3289,16,1
0,3325,16,1
610,3361,16,1
80,3397,16,1
170,3433,16,3
520,3469,16,2
260,3505,16,1
435,3541,16,1
345,3577,16,2
345,3613,16,1
260,3649,16,1
435,3685,16,2
520,3721,16,1
170,3757,16,1
80,3793,16,2
610,3829,16,1
700,3865,16,1
0,3901,16,2
610,3937,16,1
520,3973,16,2
435,4009,16,1
345,4045,16,1
260,4081,16,1
170,4117,16,2
80,4153,16,1
80,4189,16,1
170,4225,16,2
80,4261,16,1
260,4297,16,2
80,4333,16,1
345,4369,16,1
80,4405,16,1
0,4441,16,1
610,4477,16,1
435,4513,16,1
260,4549,16,2
170,4585,16,1
520,4621,16,1
260,4657,16,1
435,4693,16,2
345,4729,16,1
345,4765,16,1
260,4801,16,1
435,4837,16,3
520,4873,16,2
170,4909,16,1
80,4945,16,2
610,4981,16,2
700,5017,16,1
0,5053,16,2
610,5089,16,1
520,5125,16,1
435,5161,16,2
345,5197,16,1
260,5233,16,2
170,5269,16,1
80,5305,16,2
80,5341,16,1
170,5377,16,1
80,5413,16,2
260,5449,16,1
80,5485,16,1
345,5521,16,1
80,5557,16,2
0,5593,16,3
610,5629,16,2
435,5665,16,1
260,5701,16,1
170,5737,16,2
520,5773,16,1
260,5809,16,2
435,5845,16,1
345,5881,16,2
345,5917,16,1



**********************
345,3577,16,2
345,3613,16,1
260,3649,16,1
260,3685,16,2
435,3721,16,1
435,3757,16,1
170,3793,16,2
170,3829,16,1
520,3865,16,1
520,3901,16,2
610,3937,16,1
610,3973,16,2
80,4009,16,1
80,4045,16,1
700,4081,16,1
700,4117,16,2
0,4153,16,1
0,4189,16,1
80,4225,16,2
80,4261,16,1
170,4297,16,2
170,4333,16,1
260,4369,16,1
260,4405,16,1
700,4441,16,1
700,4477,16,1
610,4513,16,1
610,4549,16,2
520,4585,16,1
520,4621,16,1
435,4657,16,1
435,4693,16,2